	userid	items_recommended
0	471	278,1429,1483,1443,1192,1159,1605,1598,1389,1400
1	463	449,1358,543,1512,1599,1642,947,1398,1643,814
2	833	368,1524,1367,1536,179,320,1643,1629,1405,1388
3	496	99,320,1240,1524,1282,1607,850,56,889,1005
4	148	14,867,408,1449,1599,1122,119,169,1398,483
5	540	449,867,1398,1636,1645,1650,1651,1122,119,814
6	392	449,814,1643,1599,119,867,1398,483,1358,318
7	243	449,1643,1642,1599,1398,1512,1193,814,543,1358
8	623	233,814,1599,1449,867,1064,626,318,1398,483
9	737	449,1524,1282,1643,119,1388,1368,320,56,1405
10	897	607,1293,1233,1467,1612,850,64,1651,1645,1650
11	858	14,1449,1347,318,50,867,119,408,1233,483
12	31	159,1368,1656,851,793,1104,1585,1245,1524,1298
13	516	642,1398,1449,1651,1645,1636,1650,1131,793,867
14	580	368,1268,320,169,114,1524,1449,1019,179,867
15	251	449,64,1467,119,318,867,12,814,1122,1398
16	451	607,1612,817,1233,1467,1294,1293,313,64,272
17	85	14,1449,867,1398,119,1643,1599,1122,408,483
18	137	278,1368,1500,1169,701,641,1483,169,1268,1491
19	808	449,1398,1645,1636,1651,1650,867,1642,1122,119
20	883	368,1650,1636,1645,1651,1449,867,1398,1062,1524
21	65	233,318,626,496,313,1358,1064,64,1594,22
22	458	643,1449,1405,814,851,867,1398,1558,119,1599
23	879	233,318,1358,64,272,1449,113,313,316,1607
24	481	14,867,1599,1449,1122,1398,408,119,1064,1233
25	53	449,814,1233,1599,1398,867,1122,626,1642,1064
26	804	69,1169,114,1467,1607,1347,50,701,867,1368
27	255	99,1240,1282,320,1607,42,1524,56,156,850
28	588	607,1431,817,1642,1293,1639,1131,1650,1645,1636
29	898	524,320,1368,1449,1645,1651,1650,1636,1607,889
30	799	449,357,1142,119,814,1347,12,178,127,483
31	472	607,1431,1019,1368,701,1293,1650,1645,1636,1651
32	133	368,867,169,641,1449,814,1650,1645,1636,1651
33	853	278,1169,814,867,1192,701,1483,1605,169,945
34	296	14,1449,1599,1643,119,867,483,1398,1358,318
35	322	449,119,1643,867,814,1282,1398,127,357,408
36	513	233,1278,1192,626,313,174,966,318,496,814
37	78	233,814,318,496,1347,313,1599,174,64,50
38	918	639,1642,1175,543,889,344,1449,1193,947,1240
39	321	14,1643,1599,1449,867,851,1398,119,1122,868
40	362	233,1607,272,313,1612,1358,318,64,1294,113
41	613	449,119,814,357,64,318,12,867,483,1467
42	633	233,313,174,318,1347,50,1607,64,1169,22
43	673	14,1449,867,1599,1398,1122,119,1064,318,1233
44	857	233,1358,1642,626,318,947,1449,272,963,113
45	593	233,318,313,1358,64,272,1449,626,1064,496
46	375	347,814,50,174,408,114,169,172,867,1473
47	876	449,64,318,1398,1122,867,119,1607,12,272
48	597	233,1449,318,1122,867,64,814,1398,1651,1645
49	683	14,641,1643,1449,867,1368,119,1367,408,169
50	744	449,1282,1358,119,357,1398,64,318,12,867
51	155	449,1358,1282,357,318,64,119,1398,113,272
52	108	449,1398,1642,1636,1645,1650,1651,1643,867,1524
53	530	233,1642,1449,1398,626,1651,1636,1650,1645,1122
54	211	233,626,1192,313,966,496,1594,1278,22,1152
55	642	278,1431,1192,1605,1400,1159,701,1443,1169,394
56	193	233,814,1599,1449,318,1358,1064,626,483,867
57	34	175,1639,1642,889,1131,1636,1651,1650,1645,1240
58	796	233,313,174,1347,1192,1269,318,50,22,626
59	368	368,1268,899,1495,114,1467,320,1019,1589,1629
60	101	233,1347,1467,313,174,22,50,64,1607,318
61	772	467,1449,64,1347,12,318,1607,50,357,119
62	115	368,1524,1268,320,1367,1629,179,641,1388,114
63	126	278,1104,1159,1598,793,1298,851,1429,1203,814
64	756	449,867,814,1398,1122,1651,1636,1645,1650,119
65	830	233,814,318,1347,174,496,50,1599,313,64
66	81	233,64,318,272,1607,313,1467,1358,113,316
67	874	449,1643,1398,119,867,814,1282,1642,1405,1651
68	385	643,851,1536,1558,1367,1405,1499,1203,641,1524
69	847	233,1645,1636,1651,1650,867,1122,1278,1398,1169
70	939	233,814,318,626,174,867,1122,1278,1169,313
71	210	449,814,867,318,1398,1122,119,1599,483,408
72	183	14,1599,1449,867,1398,1233,1122,1064,119,483
73	436	607,1612,1293,850,1467,1431,64,817,1650,1645
74	28	467,1607,1347,1589,899,114,1368,1268,169,12
75	762	99,1589,1607,1467,320,42,156,1268,1495,1015
76	596	233,626,313,1192,318,1594,22,496,966,1294
77	497	607,1467,850,1612,1293,899,64,12,817,1019
78	300	431,1159,1131,962,884,1022,1394,817,1175,1137
79	412	449,814,867,1122,1398,119,169,408,1636,1650
80	842	368,641,1367,169,1268,114,1500,867,408,179
81	784	449,867,1122,1650,1636,1651,1645,814,1398,169
82	406	449,867,1645,1650,1636,1651,1398,169,1122,1368
83	787	233,626,313,496,318,174,1192,22,1594,814
84	731	233,1358,626,318,496,1064,1599,1327,947,113
85	587	449,867,1122,169,1645,1636,1650,1651,1607,1398
86	723	467,1347,1607,1612,64,613,1233,313,50,1589
87	914	278,1598,1159,1104,1429,793,1192,1298,1394,668
88	76	643,814,1449,1405,119,1558,851,1142,1367,867
89	667	643,814,1449,1599,1512,119,867,483,644,1398
90	688	278,814,867,1169,1122,1233,626,1398,1192,1651
91	501	607,1449,850,1467,1636,1650,1645,1651,1282,169
92	332	607,1467,1293,701,169,1169,1431,1019,1612,850
93	26	347,814,1449,50,318,119,64,867,1467,483
94	626	142,357,1143,1449,1282,1589,119,56,1467,127
95	27	607,899,850,320,817,1467,1282,1293,1019,1612
96	577	233,626,1192,318,1278,1122,814,867,1169,313
97	831	347,1233,50,1467,174,1473,64,318,313,172
98	384	67,814,1398,1651,1636,1650,1645,1449,1122,1278
99	271	449,814,119,1599,318,483,1358,867,357,603
100	811	607,1431,817,1293,1233,1612,776,1131,1651,1650
101	192	449,1524,1398,1643,1651,1636,1645,1650,1282,867
102	743	642,1131,1398,1449,1650,1651,1636,1645,793,1175
103	44	347,114,169,1467,50,867,814,408,1169,1449
104	844	233,1449,318,814,867,64,1122,1398,119,50
105	606	607,1233,1449,64,318,1467,1122,272,313,867
106	916	449,1282,1398,1642,1643,119,867,1358,357,1650
107	908	449,814,867,1398,1233,1122,318,1599,1645,1651
108	159	233,1607,1612,1294,313,817,1293,1467,272,64
109	253	233,1347,174,50,814,318,313,496,64,1269
110	806	449,867,814,119,169,1122,1398,114,408,1467
111	460	449,543,1512,1643,1282,1358,1642,947,1639,1398
112	103	449,64,1607,318,1467,272,12,1282,1358,357
113	236	233,1358,1642,947,1449,626,543,1599,1398,963
114	329	449,814,1398,1599,867,1358,119,1642,318,1122
115	350	643,814,1449,867,1599,119,851,1398,408,483
116	12	233,1358,272,318,64,113,313,316,1449,1607
117	336	467,1589,1607,899,12,1282,1347,357,64,613
118	860	449,1398,1642,867,1650,1636,1645,1651,814,1122
119	223	233,1347,313,174,1269,22,50,966,1594,496
120	738	347,1467,50,114,169,172,174,408,814,613
121	602	607,1431,1233,1293,701,1169,1651,1645,1636,1650
122	417	607,1449,1467,64,318,1122,12,867,169,1398
123	388	607,1612,1467,1233,1293,817,1431,850,313,1664
124	548	347,50,1467,114,169,1269,172,174,1169,1368
125	91	467,1607,1347,1612,64,613,50,1233,313,174
126	663	607,1467,64,1449,850,318,272,12,1612,1293
127	926	449,1282,357,1358,119,12,1398,127,1643,64
128	578	233,1294,313,22,1192,1612,1516,1594,966,394
129	409	643,1449,814,1405,119,1558,851,1599,867,1142
130	822	67,169,814,1449,1368,114,408,1122,119,1169
131	333	233,1347,174,313,50,1269,318,626,496,814
132	707	639,1175,1642,543,344,947,1193,889,1449,1512
133	601	41,1367,1368,1643,1397,814,1536,408,851,867
134	222	233,1607,1467,64,272,1612,1347,313,318,12
135	285	467,1347,1589,1607,899,12,613,64,50,357
136	875	449,867,814,1643,119,1398,1368,169,408,1651
137	330	233,318,626,1449,1122,867,1398,1064,1650,1651
138	22	347,1589,1467,1143,114,1368,50,1142,954,1268
139	372	607,1431,1293,817,1651,1650,1645,1636,1642,850
140	604	159,1278,1431,1429,1656,1131,1022,1394,1368,1298
141	685	368,1656,1104,641,1159,1245,851,1367,1500,1203
142	727	347,1467,50,174,172,114,64,318,1233,169
143	128	449,814,867,119,318,64,1398,1122,12,483
144	209	14,1347,50,408,867,119,1449,483,174,1473
145	230	233,1358,318,626,313,272,64,113,496,1064
146	122	643,851,1558,793,868,1405,1193,1449,863,1099
147	493	347,1467,50,1607,174,1589,114,172,613,1269
148	625	449,867,1398,1651,1636,1645,1650,814,1122,169
149	686	449,1524,1282,1398,1642,1645,1650,1651,1636,119
150	319	233,1607,318,1122,64,1449,313,867,1467,1650
151	190	347,1467,1233,50,174,313,64,613,1607,1589
152	232	449,1643,867,1398,814,1650,1636,1651,1645,1642
153	93	278,1598,1159,793,1104,1298,1429,1394,851,1131
154	233	449,1233,1398,1642,867,318,1122,1651,1650,1645
155	924	449,814,867,1398,1122,1599,119,318,483,1645
156	225	14,867,408,641,119,1449,1599,483,1643,50
157	157	449,119,814,867,114,169,408,1368,641,1122
158	758	368,867,814,641,169,1449,408,114,119,1122
159	360	449,1643,1398,867,814,119,1642,1650,1636,1651
160	861	233,1358,1642,1449,626,1599,947,1398,1064,963
161	725	642,1639,1175,1131,1431,1137,344,1651,1645,1650
162	855	14,1142,1449,1347,119,357,483,408,178,50
163	246	99,1282,1524,320,1240,56,1449,1388,1607,156
164	346	347,50,1233,174,1467,1269,172,313,1473,114
165	476	347,1467,1589,64,1607,50,12,613,357,174
166	367	607,899,1467,1368,1268,850,114,1019,1589,169
167	539	233,1599,1449,626,1358,814,1398,1642,1064,1194
168	599	233,1431,1607,1192,1664,1612,1293,394,817,776
169	111	14,1347,50,408,867,1449,119,174,483,169
170	224	233,313,22,496,1594,1516,1347,626,1294,174
171	654	233,1347,174,318,50,814,313,64,496,22
172	519	175,1639,344,817,889,1240,1642,904,1131,753
173	47	643,1449,1405,1558,851,1398,814,867,1524,119
174	140	14,1599,1449,867,1643,1398,1064,119,483,1122
175	711	449,1643,1642,1398,1599,1193,814,867,851,1645
176	416	233,318,313,64,1347,272,174,22,1449,50
177	556	449,357,119,1643,1142,814,1358,1282,483,178
178	177	467,1449,114,1589,12,1282,119,169,1368,357
179	827	607,1642,1449,1636,1651,1645,1650,1293,850,1431
180	671	233,1347,313,1607,1467,1612,22,174,64,318
181	132	643,1405,1449,1558,1524,119,851,814,1398,867
182	152	233,626,313,318,496,22,1594,1192,966,174
183	444	607,1467,1612,850,64,1589,12,613,1347,1293
184	665	607,1642,1639,1449,1650,1636,1645,1651,850,1431
185	882	233,814,1347,318,50,174,1449,867,483,64
186	353	233,1449,814,1358,318,1599,427,483,119,357
187	694	14,1449,318,867,1233,50,119,1122,1347,64
188	185	449,1233,1358,1599,814,318,1064,1398,483,427
189	305	449,1643,814,867,1398,851,1599,1645,1636,1651
190	355	636,1650,1651,1645,867,1431,1368,1449,1131,1398
191	696	449,1639,1642,1282,1358,543,344,947,1240,1398
192	747	449,814,1643,119,867,483,408,1599,1398,603
193	618	347,1233,814,50,318,174,64,1449,1473,483
194	291	449,867,1398,119,1645,1651,1650,1636,1122,1607
195	325	643,851,1558,1405,1536,1367,814,1203,641,1449
196	386	642,1449,1636,1645,1651,1650,1398,1639,1131,1175
197	906	449,1358,1642,1398,1282,318,1639,1645,1636,1650
198	660	14,867,1449,408,119,641,169,1122,1398,1599
199	581	524,1368,320,1629,179,1405,1388,60,1536,1240
200	912	14,1233,1599,1449,867,1064,626,1398,318,1122
201	473	449,1282,357,1643,119,1142,127,12,1358,603
202	603	645,1651,1636,1650,1431,1169,1159,867,701,1131
203	774	347,1142,641,814,1143,114,408,119,50,1397
204	435	607,1467,1368,899,850,114,169,320,1268,1019
205	935	233,1294,1607,1612,313,1192,22,626,1664,394
206	748	467,1347,114,1607,50,1449,12,1589,169,64
207	704	449,1643,814,867,1398,1599,119,1122,483,1642
208	146	639,1175,1607,817,1642,889,1431,1240,344,1131
209	512	282,1449,1607,357,1240,12,64,850,1639,1358
210	797	347,641,50,114,1500,1397,1368,172,169,408
211	259	449,1282,1607,12,64,1467,1398,119,357,850
212	1	449,119,814,1643,1142,408,867,357,127,114
213	206	347,1589,1467,1143,1142,1141,50,954,172,1473
214	896	347,50,1473,1467,174,318,64,1233,172,357
215	770	642,1449,1645,1636,1651,1650,1398,1131,1122,867
216	52	449,1398,867,1642,814,1122,119,1650,1636,1651
217	363	368,1268,114,1467,169,899,1589,1347,1607,1019
218	297	449,1642,1282,1398,1358,64,318,1651,1645,1636
219	777	607,1612,1467,850,1293,64,817,12,272,1449
220	768	14,1233,1599,1449,867,318,483,1064,119,1122
221	212	233,313,1612,1294,272,1607,318,22,64,1594
222	674	233,1607,1612,272,64,313,318,316,113,1358
223	715	467,1347,1607,1589,64,12,613,357,272,1612
224	631	449,1642,1282,1398,1650,1651,1636,1645,1639,867
225	274	449,814,318,1233,64,119,867,1398,1358,483
226	182	233,1347,318,313,174,50,496,814,64,22
227	442	99,1467,1607,1589,850,1282,1368,320,114,12
228	792	99,1607,817,1467,1612,850,320,1589,1019,1268
229	689	607,1467,1347,701,115,1019,114,169,1169,1612
230	699	131,1431,1650,1651,1636,1645,1642,1159,1175,889
231	280	642,1131,1645,1636,1650,1651,1398,1431,1449,1623
232	440	639,1607,344,1642,1282,1175,1240,889,1449,817
233	13	14,1643,867,1599,1449,408,851,119,641,1398
234	734	233,626,1599,318,1064,496,814,1358,1449,313
235	218	449,1467,357,12,1282,64,119,1589,1607,1347
236	348	607,1233,1431,1612,1293,817,1664,701,850,1467
237	760	639,1240,1607,1282,1175,344,817,889,1642,850
238	474	449,814,119,867,318,1398,483,64,1122,357
239	6	643,814,1449,851,1599,119,867,1558,408,1405
240	16	347,1467,50,64,1607,114,12,174,613,318
241	86	240,1282,1639,889,1449,1524,1642,1175,344,753
242	636	607,817,1612,899,1431,1275,1293,850,776,1019
243	572	643,814,1599,1449,867,1398,1512,851,868,718
244	852	169,169,1607,701,867,1122,1636,1651,1650,1645
245	205	233,1467,1347,1607,64,313,272,318,1612,613
246	887	607,817,1612,899,1467,1293,850,776,914,1431
247	168	233,1347,313,174,22,318,50,64,1467,496
248	142	449,1642,1398,1282,1358,1636,1645,1650,1651,1639
249	3	607,1467,1449,1282,64,12,850,357,272,1589
250	925	607,1612,817,1467,1293,850,1431,776,899,1233
251	178	233,1347,313,174,1467,50,22,318,64,1269
252	867	449,867,814,1398,119,169,1651,1636,1650,1645
253	308	449,1645,1650,1636,1651,867,1398,169,1122,119
254	328	233,318,1449,64,814,313,272,867,1122,174
255	20	278,1192,1443,1605,1483,1233,1389,626,1160,1429
256	40	233,1449,1642,1358,1398,963,318,1636,1650,1651
257	470	449,64,1467,1607,318,12,272,357,1282,316
258	164	233,1607,1192,318,626,1122,1431,313,1293,1650
259	429	449,119,357,12,1467,1282,64,814,867,127
260	839	368,1169,169,1500,641,867,114,701,814,1268
261	500	524,1449,1636,1650,1645,1651,1642,889,1062,320
262	169	233,626,318,1192,313,1122,1607,1064,1449,64
263	283	14,169,867,114,408,641,1169,1368,50,1449
264	139	639,889,1175,1240,1642,1282,1449,1524,1645,1651
265	359	449,867,1398,814,1122,119,1636,1651,1650,1645
266	479	347,1467,50,64,357,12,318,174,1449,1589
267	340	233,313,1347,22,1294,1516,174,1594,496,1269
268	431	233,313,318,626,64,272,22,1594,1607,496
269	881	347,1467,50,174,64,1233,318,1607,313,114
270	692	607,1467,64,1612,272,12,1233,613,318,1347
271	295	449,1398,867,1636,1651,1645,1650,814,1642,1122
272	250	449,1642,1398,1645,1636,1651,1650,867,1639,1358
273	402	14,1233,1449,318,1599,1347,483,119,867,50
274	432	233,1607,64,272,318,1612,1358,313,316,1467
275	582	449,1643,119,814,867,1398,408,1122,1650,1636
276	94	449,1643,1398,119,867,814,1405,1282,1642,1650
277	377	347,50,1467,174,114,172,814,169,1473,408
278	570	175,1639,1642,889,1585,1131,793,1193,344,1137
279	920	467,1347,114,1589,50,169,12,1607,613,172
280	57	233,1449,318,1607,1122,64,867,1398,1645,1651
281	868	143,1142,1388,1367,1524,1368,56,1643,179,1629
282	647	449,867,1122,1650,1636,1645,1651,1398,1233,814
283	292	449,119,867,1282,12,357,1467,814,1398,114
284	923	607,1651,1650,1645,1636,1449,850,1122,1398,867
285	306	449,1282,1398,1642,1524,1643,1636,1645,1650,1651
286	676	233,318,313,174,1347,64,814,50,496,22
287	339	449,1643,119,814,867,1398,1405,1524,1282,127
288	919	449,867,1398,1122,1636,1650,1645,1651,814,1642
289	120	233,1358,1642,1449,947,1398,963,543,1599,626
290	54	17,1607,1639,1431,1175,776,1612,1293,1642,850
291	559	645,1651,1650,1636,1431,1159,1131,867,1398,1122
292	491	449,1358,357,318,64,119,1282,814,483,1398
293	634	607,1233,64,1467,272,1612,1449,318,850,316
294	646	233,1607,1293,318,1431,1612,64,272,313,1645
295	620	431,1278,1607,701,1169,1293,1019,1192,1159,1400
296	871	347,1467,114,1368,50,169,1268,1607,1169,172
297	235	449,1643,814,119,1398,867,1599,483,1358,603
298	545	607,701,1169,169,1467,1293,1019,1431,114,1122
299	96	14,867,641,1169,169,408,1278,1122,1368,1449
300	776	14,169,1368,814,408,867,641,1347,50,1169
301	846	347,1467,114,1449,169,50,814,119,408,867
302	840	449,1643,814,1398,867,1636,1651,1650,1645,1599
303	452	14,1233,1599,1449,867,318,483,119,408,1064
304	732	278,814,1192,1169,867,626,945,1233,1122,1599
305	650	449,814,867,169,1122,119,408,114,1398,1651
306	544	449,814,867,119,1398,1599,483,318,1122,603
307	266	449,1643,814,1358,119,1599,357,1512,483,427
308	507	431,1233,1607,1192,1278,1293,1131,1664,1400,394
309	48	347,50,1467,114,174,172,169,814,408,64
310	191	449,64,1358,318,1282,1398,1642,272,12,357
311	163	347,50,1467,174,1473,172,1233,64,318,313
312	5	368,1268,1397,641,1056,1500,1367,114,1154,169
313	268	449,119,1467,357,12,1282,114,867,169,814
314	258	233,626,1192,496,313,1278,966,318,1064,1594
315	279	368,1656,1159,1278,1500,1491,1022,1268,1019,1245
316	709	347,1467,1607,50,174,613,114,1612,64,313
317	729	233,626,1192,496,313,966,1278,318,1594,1064
318	430	14,1599,1449,867,1233,318,483,119,408,1064
319	754	449,1645,1651,1650,1636,1642,1607,1398,850,1122
320	397	142,814,1347,119,1449,1643,1141,408,357,1143
321	19	14,851,1643,867,641,1203,1104,1599,1449,408
322	560	449,1398,1636,1645,1651,1650,867,1642,1122,119
323	92	449,1398,867,119,1636,1651,1645,1650,1122,1642
324	542	449,867,814,119,169,1398,408,1122,1368,641
325	553	449,1398,1642,119,1282,867,814,1358,1643,1122
326	836	347,1142,814,1141,50,1143,408,119,641,114
327	419	14,1233,1599,1449,318,483,867,119,1064,1358
328	780	233,1347,174,50,313,1269,318,496,814,22
329	415	607,1282,1449,64,1467,12,850,272,357,1358
330	641	449,1524,1643,1405,1398,1642,1651,1645,1636,1650
331	644	431,1131,1607,1650,1645,1651,1636,1159,1293,1278
332	826	607,1431,1293,1650,1645,1651,1636,850,1019,701
333	257	449,1398,1282,119,867,1642,1636,1651,1650,1645
334	299	449,1398,867,1650,1636,1645,1651,1642,119,1122
335	64	14,1347,408,867,1449,119,50,114,169,483
336	117	607,1449,1650,1651,1645,1636,850,1467,1122,1398
337	227	643,851,1449,814,1558,1599,867,1398,1405,868
338	579	233,1347,318,64,313,1467,50,174,272,22
339	504	642,1233,1650,1636,1651,1645,1431,1449,1607,1131
340	554	233,318,313,64,814,174,1347,50,496,1449
341	764	233,318,313,1449,64,1122,626,814,867,1064
342	886	347,1467,1589,1607,613,50,12,114,899,64
343	936	449,1636,1650,1651,1645,1524,1398,1642,1062,867
344	598	233,1358,1607,272,318,64,113,313,316,1642
345	41	449,1368,867,814,641,169,119,408,114,1643
346	931	233,1358,1449,318,1642,272,113,1064,64,626
347	154	449,119,1282,1643,357,1143,1142,56,1524,127
348	904	233,626,1642,1192,1431,1645,1651,1636,1650,1398
349	425	99,1368,1268,320,1607,1467,1495,1019,1589,1629
350	309	368,1607,169,701,114,1169,1467,1268,1019,1347
351	484	233,1347,174,50,318,313,64,1467,22,814
352	455	14,1449,867,1122,318,169,119,1398,408,50
353	347	607,1467,1612,899,1589,1347,613,64,12,850
354	447	449,1467,1607,114,169,12,119,867,64,1122
355	607	449,814,1643,119,867,408,641,169,114,1398
356	43	233,318,1347,174,313,814,50,64,496,22
357	15	233,1358,318,626,496,1599,1064,313,113,272
358	845	233,626,1192,1064,1278,1642,1398,1122,1636,1651
359	511	449,1642,1398,1651,1636,1650,1645,1639,1358,1122
360	262	642,1449,1645,1636,1651,1650,1398,1131,1122,867
361	929	449,814,119,357,483,867,603,1643,318,1398
362	112	233,1358,1642,272,344,1639,318,963,113,947
363	269	643,1405,1558,1524,851,1536,60,1367,1499,1512
364	563	233,318,64,1347,1467,313,1449,50,174,272
365	615	643,814,1449,1599,119,867,483,408,1398,603
366	327	449,1398,1642,1643,867,1636,1651,1650,1645,814
367	849	607,1233,1431,1293,1612,1664,701,1467,313,1651
368	165	278,867,1169,814,1645,1651,1636,1650,1159,1122
369	775	449,1358,1642,1398,1233,1639,318,1282,963,272
370	666	449,1398,867,1643,814,119,1650,1645,1636,1651
371	843	368,1607,1019,1268,701,169,1169,1431,114,115
372	854	449,119,1643,867,814,1282,1398,127,1524,357
373	366	607,320,1175,1240,817,889,899,1639,1524,850
374	358	643,851,793,1558,1512,1405,1099,1193,868,1585
375	590	512,1643,543,1405,1558,1449,1193,947,14,1099
376	862	607,1651,1636,1650,1645,1431,1449,1642,1131,1398
377	675	643,1512,1558,1405,851,543,1099,868,718,1193
378	207	233,1449,318,814,626,867,1398,1122,1064,1599
379	179	17,899,1607,1612,1275,850,1467,695,1410,776
380	189	449,814,119,1643,867,483,1398,408,357,127
381	489	607,1347,1467,701,1169,50,114,169,115,174
382	383	643,1449,814,867,1398,119,1599,1405,851,483
383	37	607,850,1467,1368,899,1449,1650,1636,1651,1645
384	659	449,814,867,1599,1398,1122,119,318,483,1064
385	61	233,1278,814,626,867,1192,1169,174,50,318
386	461	51,1104,1643,793,1203,1558,1159,1298,1598,1405
387	502	607,1467,1612,1019,1293,701,850,115,1368,1431
388	523	233,626,814,867,1398,1449,1122,1599,1064,318
389	316	512,543,947,1193,887,1099,1628,1643,1642,1639
390	127	278,1159,1656,1429,1368,1491,1104,1483,1500,1413
391	937	14,851,1643,867,1203,1599,641,1104,1398,1449
392	819	449,1282,1639,1643,1524,1240,1405,1642,543,889
393	531	233,1358,626,947,543,1449,1599,1064,1642,318
394	903	449,1282,119,357,12,1398,1467,127,867,64
395	486	643,1449,814,1398,867,851,1599,1558,119,1405
396	197	347,814,50,174,1233,1169,1269,867,408,1278
397	88	431,1131,1159,817,962,1607,1394,1400,1651,1650
398	462	233,626,313,496,318,1358,22,1594,272,1516
399	547	449,64,318,357,12,1467,119,1358,814,272
400	318	233,318,626,1358,1064,496,1449,313,814,1599
401	891	233,1642,626,1449,1398,1645,1651,1650,1636,1599
402	202	347,1233,50,174,1269,814,172,1473,1169,408
403	263	233,814,1449,1599,318,1358,483,1064,427,119
404	374	233,1607,318,313,64,272,1293,22,626,316
405	564	233,814,626,1599,867,1449,1398,1064,1122,318
406	107	524,1240,889,1175,320,1639,60,1005,1282,1405
407	619	233,174,814,1347,50,318,313,626,1269,1278
408	231	233,1278,1192,1431,626,1605,1160,1400,1443,1169
409	552	449,1233,1607,1642,1398,1651,1636,1650,1645,1122
410	17	347,1142,1143,1589,1467,1141,357,1144,114,50
411	9	67,1368,814,169,1169,641,1645,1651,1636,1650
412	324	607,1612,850,817,1293,1467,64,1431,899,12
413	586	607,817,1612,899,1467,1293,850,776,1431,914
414	609	512,543,887,1099,1643,947,1327,868,1193,1599
415	72	642,1639,1358,1449,344,947,543,1175,1398,963
416	505	233,626,313,1192,318,1294,1594,22,272,496
417	286	431,1131,1159,1645,1636,1650,1651,1642,1607,1623
418	398	233,1347,318,814,50,64,174,313,1449,1473
419	538	14,1449,1599,119,867,483,318,408,1398,603
420	423	449,1358,1642,1398,1233,318,1599,814,867,1064
421	175	233,318,496,313,626,22,814,1064,174,1594
422	695	175,1524,889,1585,1240,1639,320,1159,1131,1005
423	746	347,1467,1589,1607,50,613,114,64,174,172
424	387	368,1143,1524,1367,1388,1629,320,179,1268,114
425	850	233,1347,313,174,22,50,1269,318,1467,64
426	381	14,1449,1643,867,119,1599,408,483,1398,1122
427	721	233,867,1122,1169,814,318,169,1449,1607,50
428	498	643,1449,1405,1524,119,814,867,1398,851,1558
429	610	358,1449,1233,318,1599,814,64,427,113,357
430	880	449,1607,867,1650,1645,1651,1636,1398,1122,169
431	761	233,313,22,1347,1294,1516,174,1594,966,496
432	503	14,1643,851,867,1599,641,1449,408,1398,1203
433	583	449,1643,1524,1405,1398,867,1636,1650,1651,1645
434	594	449,1398,1650,1636,1651,1645,867,1642,1122,814
435	614	368,1019,169,1268,1169,701,114,1500,867,1651
436	35	233,1607,1612,1294,817,394,1431,313,1664,1192
437	677	17,1607,1431,1275,1612,899,776,1293,914,850
438	739	159,1278,1104,1131,1298,1429,1431,793,1656,1394
439	310	512,1358,1599,1327,1449,543,1643,1233,814,947
440	870	449,814,119,867,408,1398,1643,169,1122,483
441	900	449,1358,1233,318,64,357,814,113,119,272
442	742	449,1643,1282,1358,1512,543,357,119,1398,814
443	485	524,1368,320,889,1062,1636,1645,1651,1650,1585
444	568	643,814,1599,851,1449,867,1398,868,1558,718
445	698	607,1467,1233,1347,1612,64,313,613,272,318
446	838	449,814,867,1122,1398,119,408,169,1651,1636
447	834	467,1607,64,1347,12,318,1449,272,613,357
448	196	233,1449,318,1122,1650,1645,1636,1651,1398,1642
449	456	449,1282,1524,1642,1398,1240,1645,1636,1650,1651
450	437	643,814,1599,1449,867,851,1398,868,119,718
451	829	449,814,119,1643,867,1599,1398,483,603,408
452	290	233,1347,174,313,1269,50,22,318,1467,1594
453	800	67,814,1449,1122,1398,1645,1650,1651,1636,1233
454	441	278,814,1169,867,50,169,408,1233,174,1122
455	733	643,1449,1512,814,543,1599,119,1358,1405,644
456	884	643,1449,814,1405,851,1558,867,119,1398,1599
457	217	607,1431,817,1293,1612,776,1233,1664,1131,850
458	823	449,1398,119,867,814,1122,1282,1650,1651,1645
459	326	347,50,814,174,1269,172,408,1169,169,114
460	766	449,867,1398,814,119,1122,1636,1650,1651,1645
461	307	368,169,641,814,114,867,408,1449,119,1169
462	537	643,1449,1405,119,814,1398,1282,867,1512,1558
463	229	639,344,1642,1358,947,1233,543,1175,1449,963
464	220	233,1449,318,814,1358,1599,1064,1398,867,64
465	810	14,1278,867,1169,1122,169,408,1398,1449,1651
466	890	643,814,1449,119,867,1599,851,1405,1558,408
467	301	347,1467,1607,50,114,169,174,1169,172,613
468	173	449,1398,867,1636,1645,1651,1650,1122,814,1642
469	713	449,64,318,1398,1282,1358,119,357,12,867
470	813	607,1467,1612,850,1293,64,12,272,613,1449
471	114	41,1368,1367,814,1643,851,1203,1397,1500,867
472	494	347,1467,1607,1233,64,313,1612,613,174,1589
473	278	449,64,318,1467,1233,272,357,12,1358,113
474	669	643,814,1449,1142,119,1599,483,408,867,511
475	4	131,1642,1645,1636,1651,1650,1398,1449,1159,1431
476	684	233,814,174,318,867,50,1169,1122,1347,1278
477	55	347,1589,1467,1143,899,357,12,1142,114,50
478	445	449,357,1347,119,1142,1467,12,64,814,127
479	59	449,1282,1607,850,1642,1240,1636,1645,1650,1651
480	100	233,313,1607,1612,272,22,64,318,1294,1594
481	450	233,1449,318,814,1398,867,1122,64,1064,1650
482	930	233,1358,1642,1449,626,1599,947,1398,1064,543
483	241	14,1449,867,1599,119,483,408,1398,1122,1643
484	495	607,1431,1650,1651,1636,1645,1293,701,169,1019
485	717	642,1449,1358,1233,1398,963,1599,947,1645,1636
486	757	467,1607,1347,114,169,50,64,613,12,1449
487	8	347,1467,1142,50,119,114,814,1449,357,1143
488	449	524,1282,1240,1405,1643,1449,1639,889,60,543
489	161	607,1639,817,1240,1282,1175,344,850,889,902
490	555	642,1636,1645,1650,1651,1398,1449,1131,867,1122
491	687	4,1449,318,1467,1233,1607,272,12,316,357
492	922	14,50,1347,867,408,1169,174,169,1278,1122
493	23	643,814,1449,867,851,119,641,1398,408,1599
494	39	368,1268,1347,114,1397,641,1500,1467,169,50
495	679	449,1467,1607,169,114,867,119,12,1122,64
496	719	233,1358,626,1599,318,1064,496,1327,1449,113
497	380	449,1358,357,1282,318,64,119,1398,113,272
498	520	233,1512,1358,543,1327,947,1599,1449,887,626
499	791	278,814,867,1169,1122,1398,626,1636,1645,1650
500	672	639,1642,1175,1607,889,1449,1650,1636,1645,1651
501	176	639,1240,889,1524,1175,1282,1642,1449,320,1651
502	736	240,1524,1282,899,320,889,1639,1005,56,1175
503	49	524,1405,1643,60,1558,889,1449,1240,851,896
504	629	14,1233,1449,318,867,119,1122,64,483,50
505	162	607,1233,1612,1467,1293,64,1431,313,850,318
506	514	449,814,867,318,1122,64,119,1398,1233,483
507	7	449,867,814,1398,1122,1645,1651,1650,1636,119
508	637	233,626,313,496,318,1358,22,1594,1064,272
509	877	449,1398,1642,1636,1645,1651,1650,867,1122,814
510	549	347,1233,1467,64,318,50,313,174,272,12
511	130	607,1233,1467,1612,64,1293,313,318,272,850
512	244	282,1449,1639,1642,1240,889,1398,1358,1607,1650
513	624	449,1398,1642,1282,1636,1645,1651,1650,867,1122
514	446	233,1599,626,814,1449,1398,1064,867,1642,1194
515	238	642,1639,1175,1449,344,1636,1650,1651,1645,1358
516	648	278,1347,1169,50,1269,1500,641,169,174,814
517	720	642,1639,1449,1175,1398,1645,1636,1650,1651,1131
518	453	467,1282,1607,1589,899,12,357,1449,850,56
519	84	449,814,1233,867,1599,1398,1122,318,1064,626
520	136	643,1449,1398,1642,1405,867,1193,851,1651,1650
521	856	233,1358,318,64,272,1449,313,113,316,1064
522	691	449,1642,1398,1599,1358,814,867,1643,1645,1636
523	314	233,1612,1294,1607,313,22,1516,272,1594,1235
524	664	14,1449,1643,119,867,408,1398,483,641,169
525	824	17,1607,1175,1639,1240,889,1431,902,1005,344
526	247	14,1449,867,1599,1398,1643,1122,119,1645,1651
527	627	449,867,169,1651,1645,1650,1636,1122,814,1398
528	728	449,1358,318,64,1233,272,1398,357,119,113
529	565	449,1636,1645,1650,1651,1398,1642,867,1122,1062
530	87	233,1347,174,50,313,318,1269,814,64,22
531	649	607,1467,1347,169,114,50,1169,64,174,701
532	171	14,1449,867,1599,119,1398,1643,408,1122,483
533	273	449,1651,1645,1650,1636,1642,1398,1524,1282,889
534	343	449,1643,867,814,1398,119,1636,1651,1650,1645
535	443	233,1347,313,22,318,174,64,1467,272,1594
536	434	233,1612,1607,817,1294,776,272,313,1293,64
537	585	643,868,1512,1599,851,863,793,1099,1193,1449
538	439	14,1449,867,1599,1398,1643,1122,119,1650,1636
539	51	347,1467,1589,50,613,172,174,1473,114,1607
540	331	639,344,1642,1175,1282,1358,1449,1240,947,889
541	194	449,357,1282,64,12,119,1467,318,1358,127
542	794	449,1643,119,1398,867,814,1405,1524,1282,1651
543	465	449,867,119,814,169,114,1122,1467,1398,408
544	277	449,1358,1642,1639,1233,1282,272,318,1398,64
545	428	67,1449,1645,1650,1651,1636,1398,814,1122,1642
546	391	449,1282,1643,1398,1642,119,1358,357,867,814
547	821	233,814,318,1599,626,1064,496,1358,1449,313
548	532	347,1233,1467,50,64,1607,318,174,313,613
549	706	233,1347,313,1467,174,22,1269,1607,50,1612
550	438	233,313,1347,22,318,64,1467,174,272,1607
551	166	278,1483,1443,1605,1169,1389,1429,1500,1491,1104
552	467	368,1449,114,169,119,867,408,814,1524,1398
553	448	51,1643,1536,1368,1367,1104,1558,1405,1203,1524
554	928	159,793,1131,1298,1636,1645,1651,1650,1642,1585
555	69	449,119,357,1467,1282,1143,1142,12,114,127
556	129	643,1512,814,1599,1449,1558,851,868,718,1405
557	400	69,867,114,814,1449,1368,408,1122,1169,119
558	543	449,867,1398,814,1651,1636,1645,1650,1122,1642
559	97	368,1268,1467,114,1347,169,1607,1019,50,1169
560	661	347,50,814,1467,174,408,114,172,119,1449
561	533	233,814,626,318,496,1599,1064,313,867,1449
562	693	449,1282,1642,1639,1358,1607,1398,64,272,344
563	524	642,1175,1131,1639,1651,1645,1636,1650,1449,889
564	312	14,1449,1599,867,1398,1643,1122,119,1645,1651
565	234	14,1643,1599,1449,867,851,119,1398,408,483
566	264	14,867,169,114,408,1449,119,641,50,1347
567	239	643,1405,1558,851,1524,1536,1449,1367,60,1499
568	389	643,814,1449,867,851,119,1398,1599,408,1122
569	869	368,1143,1268,1589,899,114,1467,1347,1397,1388
570	63	449,1651,1645,1636,1650,1642,1398,1524,1062,889
571	635	449,1398,1642,1636,1651,1645,1650,867,1122,119
572	885	233,318,313,64,272,22,1347,1358,113,496
573	403	233,626,1192,1278,318,1064,313,1122,1160,496
574	395	14,867,1599,1449,408,119,1643,641,483,1398
575	779	607,1431,701,1233,1293,1169,1467,1612,115,1019
576	907	233,1607,318,1293,1431,626,1636,1650,1651,1645
577	459	233,1278,1192,1605,1269,174,1169,313,1347,1607
578	509	347,1467,1589,1397,1143,1368,114,1268,50,954
579	10	449,867,1398,1122,814,1636,1645,1651,1650,318
580	361	643,814,1449,1599,851,867,119,1558,1405,1398
581	102	14,1449,867,1122,318,1233,169,1398,119,64
582	814	607,1651,1650,1645,1636,1431,1642,1449,850,1293
583	77	368,114,169,1449,1467,119,867,408,1143,641
584	848	14,1449,867,1599,1398,1122,119,408,483,318
585	589	233,1192,313,626,966,1294,1152,22,394,1443
586	658	449,1282,64,357,12,318,119,1398,1358,272
587	50	524,1240,320,889,1175,1005,1639,899,1282,1077
588	750	347,1467,50,64,318,174,357,1449,814,1473
589	771	278,793,1159,1598,1298,1394,1104,626,1131,814
590	518	233,318,313,64,1449,174,1122,272,1607,814
591	293	643,1449,814,119,867,1142,483,357,1599,1398
592	404	233,1612,313,1607,1294,22,1347,1516,1467,1594
593	267	449,119,169,867,114,1467,12,1398,1122,1282
594	527	449,814,867,119,1643,1398,408,169,1122,483
595	817	467,1347,1607,1589,1612,613,64,12,313,50
596	793	467,1607,1347,114,169,50,1589,12,64,1449
597	45	14,867,1449,1599,1398,1122,408,119,483,1064
598	938	347,1467,1607,1589,50,613,1612,174,64,313
599	569	449,814,1599,867,119,1398,318,483,1358,1122
600	769	233,814,1449,1599,318,867,1398,1064,1358,1122
601	812	17,1607,1612,776,1233,914,1293,1431,1294,1467
602	216	282,1449,357,12,1607,64,1467,1358,850,272
603	759	233,313,1347,22,1294,174,1516,1594,1269,966
604	320	607,1467,1612,850,899,1293,817,1589,613,64
605	261	159,1431,1131,1022,1394,962,1636,1651,1650,1645
606	38	233,1294,1612,313,22,1516,1235,1607,1594,69
607	418	347,1589,1467,899,1143,50,114,172,1268,954
608	510	233,313,496,318,626,22,174,1594,1347,1189
609	181	233,1612,1607,313,1294,22,272,318,1594,64
610	82	14,1449,1599,1233,318,483,119,867,1358,1064
611	364	233,1449,318,1358,1642,64,1398,272,1122,1064
612	249	449,1642,1282,1636,1651,1645,1650,1398,1524,889
613	703	347,1233,1467,174,50,313,64,22,1473,318
614	394	449,867,1122,318,814,64,119,1398,1467,169
615	576	233,313,318,22,496,174,1594,626,1347,64
616	167	643,1512,1599,1449,868,814,543,1558,851,1099
617	288	358,1449,1233,1642,543,947,318,1398,113,1599
618	80	449,1358,1233,814,318,1398,1599,867,119,1064
619	240	358,543,1449,1642,947,1639,1512,344,1282,1398
620	356	607,1467,169,1169,701,114,1122,1651,1636,1650
621	289	347,1233,1467,1607,313,174,1612,50,22,1269
622	889	467,1607,1449,12,64,1347,1589,114,357,613
623	591	449,1642,1398,1358,543,1639,1282,1650,1645,1651
624	73	643,1405,1524,1449,1558,119,1282,1367,1536,1388
625	763	449,867,1398,814,1651,1650,1636,1645,119,1122
626	25	14,1449,867,1122,318,169,119,50,1398,408
627	245	233,817,1607,1612,1294,776,1431,914,1293,1664
628	816	233,1347,174,50,1269,1169,1467,1607,313,701
629	427	431,817,1131,1607,1175,962,776,1159,904,1275
630	113	431,1159,1019,701,1607,1278,1131,1169,1368,1651
631	895	449,1398,1282,119,867,1642,814,357,1358,1122
632	237	449,867,814,1122,1398,1645,1636,1650,1651,169
633	645	643,1449,1405,814,119,867,1398,1524,1558,851
634	795	449,867,814,1398,1636,1651,1645,1650,1122,169
635	160	282,1449,1524,56,320,1388,899,12,1467,357
636	893	607,1467,1233,64,1347,318,313,272,12,613
637	24	449,1282,1607,12,64,1467,357,850,272,1358
638	818	14,641,1347,408,114,50,867,169,119,1449
639	70	347,814,50,1449,318,174,1467,64,119,867
640	921	233,1278,1192,1605,1443,1269,174,626,966,1169
641	408	368,1524,1449,1651,1645,1650,1636,1062,320,867
642	730	14,1347,50,408,641,114,169,867,119,172
643	121	14,1449,1599,119,1643,483,867,408,603,318
644	62	14,1449,867,119,408,641,1643,169,1398,114
645	125	233,1347,174,1269,313,50,22,1467,1473,172
646	396	278,1233,1605,1169,1192,701,1431,1443,1607,1269
647	480	14,1643,1449,867,1599,119,1398,408,851,483
648	351	233,1192,626,1431,1278,318,1160,1293,1607,1664
649	156	643,814,851,641,1558,1449,867,1367,1405,119
650	143	368,1268,1500,114,169,1019,1169,701,1347,641
651	697	449,64,318,357,1358,119,12,272,1282,814
652	219	524,1643,1405,60,851,1558,1449,889,1585,1062
653	740	14,1599,1449,867,1233,318,483,119,1064,1398
654	411	14,1347,1449,50,867,318,119,408,483,174
655	482	233,1278,1192,626,1169,1122,867,318,1431,814
656	95	233,1347,814,318,50,174,64,1449,313,483
657	477	233,1431,1645,1650,1636,1651,1642,1398,1122,1449
658	390	278,1233,626,814,1192,867,1599,945,1160,1169
659	651	347,1467,1449,50,119,814,114,357,408,12
660	741	449,814,119,318,1599,483,1358,357,867,64
661	226	449,1607,1645,1650,1651,1636,1122,867,1398,169
662	29	449,1642,1398,1650,1645,1651,1636,1639,889,1282
663	789	368,1143,114,1268,1388,1467,169,1589,320,1449
664	464	449,1642,1398,1645,1636,1651,1650,1122,867,318
665	526	449,814,119,1643,867,1142,357,483,408,603
666	528	347,1467,1589,50,1607,114,613,12,172,64
667	558	282,1449,1240,56,357,1524,12,1103,127,1388
668	710	449,1398,814,867,1643,119,1636,1650,1651,1645
669	21	449,1142,357,1143,119,1467,1282,1589,12,127
670	653	347,1467,50,174,172,114,1589,613,1473,1269
671	214	449,1524,867,1398,1651,1636,1650,1645,119,1368
672	550	347,1467,50,174,1607,1233,313,613,1269,1589
673	323	467,64,1449,12,357,1607,1282,1347,318,1589
674	941	347,814,50,1449,867,318,1467,119,174,408
675	352	233,1607,64,1467,272,318,313,316,1612,12
676	492	142,357,1449,119,1282,1143,127,12,1141,1347
677	335	17,1175,1431,1131,1639,1607,904,1137,776,962
678	866	643,814,1599,1449,867,1398,868,1512,851,1064
679	338	643,851,1558,1405,1449,793,1193,1398,868,1512
680	798	278,1233,1431,1192,1605,1607,701,1169,1664,394
681	911	449,867,1636,1645,1650,1651,1398,1122,814,169
682	933	449,1643,1282,119,357,1398,127,814,867,1524
683	714	607,1612,1431,1293,1467,817,1019,701,115,850
684	195	449,1233,318,64,1358,272,12,113,1607,1398
685	256	233,1607,1431,1293,1636,1650,1645,1651,1642,1122
686	98	43,1639,947,1642,1512,344,1358,1175,1193,1449
687	678	607,899,1467,1612,1589,850,817,12,613,64
688	490	368,1367,1536,1524,1056,641,1629,1397,179,1268
689	345	449,1398,1358,814,119,318,867,64,357,483
690	595	449,1282,1639,1642,1240,1524,1643,1398,889,543
691	287	607,1467,850,1282,899,1449,12,320,1650,1645
692	790	607,64,1467,1449,1233,318,272,12,316,850
693	752	99,1607,1275,320,1368,817,1019,1268,850,1431
694	767	449,814,867,1398,1643,1645,1636,1651,1650,1599
695	828	639,1240,1175,889,1282,344,1524,753,1642,1005
696	863	467,1589,899,1347,1607,12,357,1282,613,64
697	809	642,1639,1175,344,1449,1358,947,1137,963,1131
698	60	449,867,814,1398,1122,1636,1650,1651,1645,119
699	90	14,1449,867,1599,119,1398,1643,483,408,1122
700	371	233,1347,318,313,64,174,1467,50,22,272
701	32	467,1449,12,1282,1607,1589,357,64,114,119
702	622	449,1467,1607,12,119,114,1282,169,867,357
703	630	233,1607,817,1431,1612,776,1293,1294,1664,914
704	621	607,1467,1347,1589,114,850,12,169,64,613
705	382	159,1656,1368,1245,1022,1131,1585,1524,884,1431
706	75	240,1282,1524,320,889,899,1639,1607,1449,850
707	786	233,814,1449,867,318,1599,1122,1064,1398,626
708	469	14,1449,1643,1599,867,1398,119,483,1122,1064
709	640	69,114,867,814,1449,1368,408,1467,1122,1169
710	221	607,899,850,320,1282,1467,1449,1368,1645,1651
711	662	643,1405,1142,1449,1558,1282,1512,119,1524,644
712	782	607,1431,1233,1293,1612,1636,1650,1645,1651,1664
713	203	368,1169,169,701,867,1019,1607,114,1645,1650
714	265	607,1612,1467,817,1233,1293,850,64,313,613
715	835	449,1398,867,814,1642,1650,1645,1636,1651,1122
716	457	449,814,867,119,318,1122,1398,64,169,483
717	141	233,1294,313,1612,22,1516,1594,1235,1152,966
718	151	449,814,1599,119,1358,318,483,867,1398,1643
719	341	14,1278,867,1599,851,1398,1122,1449,863,1104
720	712	233,1192,1278,1605,1443,626,394,966,1160,313
721	433	449,1282,357,12,119,1142,127,56,1467,64
722	414	449,1467,357,1282,12,1589,119,114,127,56
723	724	347,1467,50,1589,174,1473,172,1269,613,954
724	608	639,344,1642,1175,947,1358,543,1449,889,1137
725	859	175,1639,817,1431,1607,1642,1131,889,1137,344
726	899	233,814,318,1599,496,1064,1449,626,1358,313
727	751	14,1449,867,119,408,1122,1398,483,169,1599
728	801	607,1467,1612,1347,1589,64,613,1233,313,272
729	592	449,357,1142,1282,119,12,1467,127,1143,1589
730	943	99,1607,1467,1612,1589,817,850,1347,42,613
731	334	449,1398,867,1643,814,119,1636,1651,1650,1645
732	200	233,1607,1467,318,64,1169,1122,169,174,313
733	680	449,814,867,119,1398,1122,483,1645,1636,1650
734	272	449,357,119,1282,12,1467,127,64,1142,814
735	145	347,1467,1589,114,50,1607,172,613,169,174
736	515	431,1019,1159,1368,701,1607,1656,1278,1131,1169
737	735	233,1358,1449,318,64,272,113,316,357,313
738	376	449,814,867,119,1398,1122,483,1599,408,318
739	488	233,1347,174,1467,313,50,1269,22,318,1607
740	940	467,1607,64,1233,318,1449,1347,50,12,313
741	254	233,1347,174,313,1269,496,626,50,318,22
742	56	607,1467,1347,1233,50,64,174,318,313,613
743	487	233,1467,1347,1607,64,318,313,272,613,12
744	378	449,814,867,1599,1398,1233,318,1122,119,1064
745	109	233,1347,1467,174,313,1607,1269,50,22,1612
746	639	599,814,1449,1643,867,1398,1358,1064,1512,483
747	213	449,1607,64,1467,1122,1398,12,867,318,1650
748	534	431,1607,1019,1368,701,1268,1275,1159,1293,1169
749	655	449,1651,1645,1636,1650,1398,1642,867,1122,1062
750	228	233,313,626,496,22,1594,318,1516,1189,1294
751	478	449,1358,357,814,119,318,1599,483,427,1643
752	303	449,357,119,1282,12,127,814,483,64,867
753	574	642,1449,1398,1639,1650,1636,1645,1651,1358,1131
754	426	14,1643,867,851,1449,1599,641,119,408,1398
755	718	233,1278,1192,1605,1443,1269,626,174,1169,966
756	749	233,1347,318,174,50,814,313,64,867,1467
757	170	233,1278,626,1192,814,1160,1599,867,1064,945
758	702	347,50,174,1269,1233,172,1473,1467,181,313
759	354	643,1449,851,1398,1405,1558,1642,867,814,1193
760	807	233,1278,1192,1169,626,1122,867,318,814,701
761	708	233,1347,313,22,174,318,64,496,1594,50
762	611	607,899,817,1612,850,1282,1240,1467,902,1293
763	612	233,626,318,1064,814,496,1599,1192,313,1449
764	783	650,1645,1651,1636,1159,867,1368,1398,1131,1169
765	304	347,1233,174,1269,50,1467,313,172,22,181
766	536	233,814,1347,50,174,318,867,1269,313,1169
767	668	607,1467,850,1293,1612,1449,169,1645,1636,1650
768	370	449,814,1599,867,1398,1643,1122,119,1064,483
769	753	233,318,313,496,1347,64,1358,22,174,272
770	913	14,1449,119,1347,357,483,1142,408,50,867
771	105	14,1347,1449,1142,119,357,483,50,408,178
772	865	524,1405,1643,60,1558,1536,320,889,851,1240
773	298	14,1233,1347,50,318,867,174,1449,408,1122
774	726	278,1104,1598,851,793,1159,1203,814,1298,867
775	837	599,868,863,626,814,793,1643,1398,1233,1512
776	58	99,1467,1607,1282,1589,12,56,850,320,1449
777	188	233,1607,1642,1449,318,1650,1645,1636,1651,1293
778	11	449,1398,867,1636,1645,1651,1650,1642,814,1122
779	421	467,1607,1347,1589,64,12,613,357,1612,272
780	781	41,1397,1367,1368,814,408,1056,114,1347,1500
781	872	233,1192,313,394,1294,1605,1607,966,1664,626
782	33	607,1467,1293,1612,850,64,1431,1650,1645,1651
783	204	643,851,1558,1405,793,1193,1512,1099,1585,1524
784	575	347,1589,1467,50,1143,954,1142,1141,172,1473
785	888	449,814,1398,867,318,1122,119,1599,1233,1358
786	110	233,1607,313,318,272,1612,64,626,22,1293
787	150	282,1449,1607,850,12,1467,1240,357,56,64
788	541	233,814,867,318,50,174,1347,1122,1449,408
789	83	233,1347,174,313,1269,626,496,318,22,50
790	413	14,1599,867,1449,1398,626,1064,1643,1233,1122
791	825	278,1169,701,1605,1431,1607,1192,115,1233,169
792	508	643,1449,814,867,1398,119,1599,851,483,1405
793	369	607,1467,1612,1233,64,1293,850,318,313,613
794	260	278,1104,1598,1429,1159,1483,668,1413,362,1491
795	71	449,1524,1282,1642,889,1240,1639,1398,1645,1650
796	106	233,814,1599,1449,1064,318,867,1398,1358,626
797	567	524,1643,1405,851,1368,1585,1062,1449,60,1651
798	68	643,1142,814,1449,1405,119,1558,644,851,1141
799	561	643,1449,1405,1524,1558,1398,851,60,119,867
800	525	449,1467,64,1282,12,357,1607,318,119,272
801	910	347,1449,357,318,64,814,119,483,50,178
802	116	449,867,119,1398,814,1122,1645,1650,1651,1636
803	147	642,1639,543,947,1449,1175,344,1358,1193,1398
804	600	449,814,867,1398,119,1122,1645,1651,1650,1636
805	14	14,867,1449,641,169,408,1122,1398,119,1368
806	805	368,1524,320,1449,179,1062,1645,1650,1651,1636
807	546	368,1268,1019,1656,1607,1431,701,1275,1022,1159
808	317	607,1612,1467,817,850,1293,64,899,272,12
809	198	14,1449,119,1347,408,1142,50,867,483,114
810	638	607,1467,1347,1612,613,1589,50,174,64,313
811	344	449,814,867,119,1643,1398,408,1122,483,1599
812	424	93,851,1598,868,863,1104,1643,1558,964,799
813	657	43,1639,947,1642,1358,1449,1512,344,1193,1175
814	349	642,1449,1639,1398,1193,1175,889,543,1643,1651
815	342	643,1368,1367,641,1449,814,1536,867,1524,1405
816	832	233,1607,318,313,64,1467,174,1347,22,272
817	123	643,1449,1405,1512,1558,851,1398,543,1193,814
818	373	233,1607,1122,318,1449,1636,1645,1651,1650,867
819	454	233,313,318,174,1347,22,1594,64,496,50
820	379	449,814,119,867,483,408,1398,1643,1599,603
821	270	642,1650,1645,1636,1651,1131,1449,1607,1175,1431
822	690	233,1607,1467,1612,1347,313,64,272,22,318
823	242	233,1358,318,272,113,1642,64,1449,626,316
824	284	449,1642,1398,1645,1636,1650,1651,1639,867,1282
825	158	449,867,814,1398,1122,119,1645,1651,1636,1650
826	199	643,1512,1449,543,644,814,1599,1405,1358,119
827	522	143,1142,1589,1388,56,357,1449,1282,119,1467
828	902	347,814,50,174,408,867,172,1473,169,114
829	135	449,1398,867,119,814,1122,1650,1645,1651,1636
830	248	99,1589,1467,1607,1347,1268,156,1495,42,1143
831	499	449,1642,1358,1639,1282,1398,344,963,1636,1650
832	42	233,1347,174,1269,50,313,318,22,496,814
833	466	607,817,1612,899,1467,850,1293,1589,1282,12
834	506	347,1233,50,174,318,313,814,1473,1467,64
835	566	449,1642,1398,1643,1282,1636,1645,1650,1651,1639
836	337	233,313,318,174,1347,496,626,814,50,22
837	119	14,867,1398,1449,1122,1645,1636,1651,1650,1278
838	909	14,867,1398,1122,1449,1599,1278,1645,1650,1651
839	201	368,1449,867,1636,1650,1651,1645,1398,1524,1062
840	2	14,1449,867,1599,1398,119,1122,408,483,1643
841	892	14,1449,867,119,408,169,50,1122,114,1347
842	803	639,1449,1282,1524,1240,889,1643,1642,543,1405
843	765	512,1643,543,1405,1628,1193,1524,1449,1558,1639
844	778	99,1268,1368,1589,1467,1495,1607,114,320,1347
845	79	93,1159,1131,1642,1585,1645,1651,1650,1636,1398
846	131	358,1449,1233,318,1599,814,427,64,113,1064
847	276	449,1467,114,119,12,169,357,1347,1589,867
848	149	449,1643,119,814,357,867,483,1398,127,1282
849	820	282,357,1467,1449,1589,12,56,1142,1143,119
850	773	643,851,1367,641,814,1558,1536,1405,1449,1203
851	365	282,1639,1240,1449,1642,889,1358,344,1524,1607
852	294	607,1467,850,12,1449,64,1282,1589,899,114
853	905	467,64,1449,12,357,318,1607,272,1347,1282
854	357	233,1607,1467,64,313,318,1612,1293,1347,174
855	529	607,1233,1293,1612,1431,1467,64,318,313,1122
856	722	449,1398,867,1650,1645,1636,1651,1122,1642,814
857	573	449,1398,1643,1642,867,119,814,1650,1645,1651
858	118	368,320,169,1449,114,1607,1268,1524,1636,1651
859	281	233,1639,344,1607,1642,817,1358,1175,272,1612
860	571	643,814,1449,1599,867,1398,851,119,483,1122
861	124	99,320,1368,1524,1607,1275,1268,1077,1240,1128
862	30	449,1642,1398,1636,1645,1651,1650,1122,867,1607
863	942	233,814,318,867,1122,626,1449,1398,1064,1169
864	99	467,1607,1589,899,1347,12,1612,613,64,850
865	901	233,313,1347,1269,174,1192,22,966,626,1594
866	302	175,1639,889,1240,1524,1642,1282,320,1005,1449
867	652	233,626,1192,1278,1064,1599,814,496,318,1160
868	313	449,814,867,119,169,1122,408,114,50,1398
869	184	449,1398,1643,1642,814,867,1599,1645,1651,1650
870	815	233,1347,318,64,1467,313,50,174,22,1473
871	700	347,1233,50,174,1473,318,313,814,1467,172
872	682	607,1467,1612,850,64,1293,12,613,1589,272
873	405	347,1233,1467,174,50,313,1269,1473,172,22
874	915	14,1599,867,1449,1233,1122,1398,408,1064,483
875	66	607,1467,1612,1233,1347,313,1293,64,613,174
876	557	642,1131,1645,1651,1650,1636,1175,1398,793,1431
877	282	99,1467,1607,1589,1282,12,850,56,156,357
878	802	368,701,1169,1278,1019,1431,169,115,1607,1268
879	275	14,867,1169,1233,169,50,1122,174,318,1347
880	605	449,814,867,1398,119,1122,483,1599,318,603
881	46	449,1642,1398,1639,1636,1645,1650,1651,1358,1282
882	186	233,1358,626,318,272,313,1607,64,113,1642
883	67	431,817,1131,1175,1607,1642,1639,1137,1645,1651
884	311	233,814,867,1449,318,1122,1398,626,1645,1650
885	873	233,1347,313,174,22,1467,1269,50,1607,1612
886	894	449,1642,1398,1645,1636,1650,1651,1639,867,1282
887	535	449,867,1398,1645,1650,1636,1651,814,1122,1642
888	681	233,1358,626,1599,1064,318,1327,496,947,113
889	632	347,50,174,814,1473,172,1467,318,408,1233
890	616	14,1449,867,1398,1122,1599,318,119,1233,483
891	628	431,817,1131,1607,1175,776,1159,1293,1137,962
892	410	233,1358,318,272,64,113,1449,313,316,1607
893	174	233,1358,947,1642,543,1639,344,1449,963,1398
894	215	14,867,408,169,1449,114,641,119,1122,50
895	172	14,867,408,50,1347,1449,119,1599,483,169
896	562	233,626,1358,318,496,1064,1599,313,814,1449
897	864	467,1347,50,114,1449,1607,169,64,318,12
898	716	233,1449,1358,318,814,1599,64,1064,1398,483
899	551	607,1612,1467,1233,64,272,817,850,1293,316
900	252	449,1282,357,1358,64,119,12,318,1398,127
901	399	431,1636,1650,1651,1645,1131,1398,1122,867,1642
902	420	642,1449,1398,793,1636,1651,1645,1650,1131,1193
903	851	467,1607,1449,12,64,1347,114,1589,169,850
904	153	639,1175,1240,344,889,753,1005,1282,1296,1524
905	144	449,814,1233,318,867,1599,119,1398,1122,483
906	705	233,1607,1192,1431,394,1294,1612,1664,1293,1605
907	785	607,1233,1467,318,64,1449,1122,50,169,867
908	670	14,1347,50,174,408,867,169,1169,172,114
909	745	607,1431,1645,1651,1650,1636,1019,1131,850,1293
910	927	233,1607,1612,313,1294,1293,1467,22,1664,1192
911	475	607,899,817,850,320,1612,1275,902,1240,1293
912	18	449,1398,814,1643,1599,1642,867,1358,119,1122
913	74	607,1233,64,1449,272,1467,318,1612,850,316
914	934	14,867,1449,1398,1122,1636,1645,1651,1650,1599
915	755	233,313,318,496,626,22,1594,174,64,1347
916	138	449,867,1398,1645,1650,1651,1636,1122,169,814
917	180	639,889,1175,1524,1642,1240,1449,1282,60,1405
918	932	643,814,1449,867,119,1599,408,851,1398,483
919	483	278,814,867,1169,626,1599,945,1192,1122,1398
920	643	449,867,119,1398,169,814,1122,1651,1636,1650
921	104	347,50,1142,1473,814,1467,172,174,1141,408
922	656	643,1405,1524,851,1558,1536,60,1585,1367,1368
923	917	512,543,1449,1642,1643,1193,947,1099,1398,1599
924	468	449,814,119,867,1398,483,357,1122,318,603
925	841	233,1607,313,64,1467,318,1612,272,22,1347
926	134	233,1347,1269,174,313,22,1192,50,966,496
927	584	607,1467,1612,1293,1347,1019,115,701,850,114
928	878	14,1599,1449,1643,867,119,483,1398,318,1064
929	521	607,1467,850,1449,114,169,12,64,1589,1368
930	407	449,1467,119,867,64,169,114,814,12,1122
931	788	233,1449,318,814,64,1358,1064,867,1599,1122
932	701	14,1449,867,1599,119,1398,1643,483,1122,408
933	617	51,1104,793,1159,1643,1558,1203,74,1598,1245
934	393	233,1278,1192,1607,1431,1169,1605,701,1664,1293
935	315	449,1643,1405,1398,1282,1642,119,1524,867,814
936	36	656,1159,1368,1022,1245,884,1491,1429,1278,1431
937	187	449,814,867,119,1398,1122,483,318,1599,408
938	208	233,1599,626,814,1064,318,1449,1358,496,867
939	401	233,1358,626,318,1064,113,947,1449,272,1599
940	422	282,1449,357,12,1607,1240,119,56,64,850
941	517	368,641,1500,814,1169,1278,867,169,408,189
942	89	607,1636,1645,1650,1651,1449,169,850,1122,867
